BA - n*1000
---------------------
28567	19989
55207	24238
77176	31854
---------------------
28200	14672
54425	10428
75330	45178
---------------------
30065	9608
55310	23822
79631	26675
---------------------
28938	1345
53049	4069
78332	29264
---------------------
29750	955
55899	3713
77815	15210
---------------------
---------------------
BL - n*5000
---------------------
7942	8296
11113	60904
13444	44183
---------------------
7453	6158
14087	30588
14697	24882
---------------------
8266	16325
14106	19891
13089	126357
---------------------
8185	4603
10534	25911
12938	31635
---------------------
6258	3721
13918	7985
14736	17793
---------------------
---------------------
ES - n*5000
---------------------
T0=553.8859203377197
enfr=1248
TF=4.3458237187152175E-55
3879	123652
T0=588.6856392395722
enfr=1898
TF=8.359231588783294E-85
7389	188001
T0=619.8498336473849
enfr=2498
TF=3.090829640649256E-112
5811	247402
---------------------
T0=553.8859203377197
enfr=1248
TF=4.3458237187152175E-55
1632	123651
T0=588.6856392395722
enfr=1898
TF=8.359231588783294E-85
3837	188001
T0=619.8498336473849
enfr=2498
TF=3.090829640649256E-112
6078	247402
---------------------
T0=553.8859203377197
enfr=1248
TF=4.3458237187152175E-55
2940	123652
T0=588.6856392395722
enfr=1898
TF=8.359231588783294E-85
15891	188002
T0=619.8498336473849
enfr=2498
TF=3.090829640649256E-112
9052	247401
---------------------
T0=553.8859203377197
enfr=1248
TF=4.3458237187152175E-55
2136	123652
T0=588.6856392395722
enfr=1898
TF=8.359231588783294E-85
5321	188002
T0=619.8498336473849
enfr=2498
TF=3.090829640649256E-112
5939	247401
---------------------
T0=553.8859203377197
enfr=1248
TF=4.3458237187152175E-55
445	123652
T0=588.6856392395722
enfr=1898
TF=8.359231588783294E-85
2643	188002
T0=619.8498336473849
enfr=2498
TF=3.090829640649256E-112
3768	247402
---------------------
---------------------
BV
---------------------
16483
22 9 2 2 10 10 6 23 22 21 22 16 16 16 
8 9 14 17 7 2 11 11 18 11 11 2 17 17 
1 11 18 11 18 13 15 15 18 11 8 9 8 9 
12 12 12 12 16 18 1 24 20 3 12 24 18 16 
24 14 7 14 15 15 5 1 10 4 14 25 15 6 
10 5 2 2 19 2 19 7 17 23 2 23 6 6 

27863
33 34 19 38 15 15 15 15 15 2 15 36 22 36 
24 35 13 28 28 10 10 17 16 11 28 28 9 9 
12 26 22 3 18 18 38 38 17 20 21 19 20 22 
1 36 36 19 19 19 36 1 36 36 36 36 36 36 
5 5 9 27 22 20 26 22 27 5 37 18 35 37 
23 32 24 31 31 14 5 9 13 10 7 16 24 7 
29 29 26 20 22 22 20 22 6 24 16 16 24 16 
29 28 30 25 9 21 18 30 4 30 28 28 25 3 
6 9 7 8 8 18 8 2 1 13 35 26 1 10 

39490
19 47 11 50 11 28 4 12 18 36 22 12 11 34 
21 36 24 13 11 10 26 45 5 35 5 5 5 37 
29 41 38 34 11 50 46 39 39 47 46 2 2 18 
44 44 2 36 5 43 28 28 9 28 8 15 15 7 
23 11 47 41 33 25 33 6 21 40 40 23 13 13 
23 13 23 13 24 48 26 46 3 5 6 8 12 12 
20 20 38 41 41 14 39 20 39 47 46 39 20 50 
31 37 8 32 18 12 11 47 35 49 35 49 18 18 
44 21 40 21 36 15 22 22 37 37 3 3 19 12 
23 37 27 17 13 13 13 42 9 24 44 2 46 48 
1 20 38 20 50 50 38 3 36 46 18 23 8 8 
17 25 11 11 27 47 33 25 5 16 12 3 6 9 

---------------------